$ANSIBLE_VAULT;1.1;AES256
64313265633763363266326338316235626636386339383235366362393461616362356531626436
6237333738343066333938316632326161656234376438610a313765373335643562346331646330
34333430346433333336373930666336333838353030356430663966353566643866613061336364
3066383262626439390a373266643339613361396565303338313361623439643866313263346162
64613738396134623564316137616230373562383161376333633838613136363431623466393062
62353330326335313065643763303766656135623635373436643938363461363365633361376639
32656238383464333037326463363862343939643534323965326238363031313864616134663465
64643462393466633931643632306662636132343936313962333633333465376237653238646335
39373130353736336237646336363236646430636532646364303565316565633562623164313062
31343564393865333431326666643230393262366533396364313161316462653263393736626538
32663163623664363561363938323733636236363332653837386165323836643835636536336233
63366335353131316535663439343033643235303661343965643439326138623430373635303365
34376236613938313466633539333134633332646461643761613638343430346638386434316537
39313635333763363566666236323561343564643430633032353832326337623761616439643738
62343730663862633164633439373064326335316461666632373661663436633362383439353166
39663163623330326135663230363337326361623564663138326236353934383035656261336664
64623665353735616164613533613734643937313766626165356562373762383530383439653037
34653432623836333137643031343535346464323665306566613835626439333632666332653137
63666133646132643139643630386339626137333765633836383137353864633661333138626331
66303036623434366530623865303763323835613862336465646361346436353464303237363965
39313161363763303038623030613664616433393534636163613137343230636531623161313466
31336136623463656336643765383465666235643238653739613361356238386661373964333366
35383139393436656365366238396132366338656361393534633366323962613534326166376539
32326636353934366366
